Ex: 2.2.6 -- Number of array accesses used by top-down merge
Output from Merge_AA

Length    Accesses  Expected  
1         0         0.00      
2         10        12.00     
3         24        28.53     
4         40        48.00     
5         58        69.66     
6         78        93.06     
7         98        117.91    
8         120       144.00    
9         142       171.18    
10        166       199.32    
11        190       228.32    
12        216       258.12    
13        240       288.63    
14        266       319.82    
15        292       351.62    
16        320       384.00    
17        346       416.92    
18        374       450.35    
19        402       484.26    
20        432       518.63    
21        460       553.43    
22        490       588.64    
23        520       624.25    
24        552       660.23    
25        580       696.58    
26        610       733.27    
27        640       770.29    
28        672       807.64    
29        702       845.29    
30        734       883.24    
31        766       921.48    
32        800       960.00    
33        830       998.79    
34        862       1037.84   
35        894       1077.15   
36        928       1116.70   
37        960       1156.50   
38        994       1196.53   
39        1028      1236.78   
40        1064      1277.26   
41        1096      1317.96   
42        1130      1358.86   
43        1164      1399.98   
44        1200      1441.29   
45        1234      1482.80   
46        1270      1524.50   
47        1306      1566.39   
48        1344      1608.47   
49        1376      1650.72   
50        1410      1693.16   
51        1444      1735.76   
52        1480      1778.54   
53        1514      1821.48   
54        1550      1864.58   
55        1586      1907.85   
56        1624      1951.27   
57        1658      1994.85   
58        1694      2038.58   
59        1730      2082.46   
60        1768      2126.48   
61        1804      2170.65   
62        1842      2214.96   
63        1880      2259.41   
64        1920      2304.00   
65        1954      2348.72   
66        1990      2393.58   
67        2026      2438.57   
68        2064      2483.68   
69        2100      2528.93   
70        2138      2574.30   
71        2176      2619.79   
72        2216      2665.41   
73        2252      2711.14   
74        2290      2757.00   
75        2328      2802.97   
76        2368      2849.05   
77        2406      2895.26   
78        2446      2941.57   
79        2486      2987.99   
80        2528      3034.53   
81        2564      3081.17   
82        2602      3127.92   
83        2640      3174.77   
84        2680      3221.73   
85        2718      3268.79   
86        2758      3315.95   
87        2798      3363.22   
88        2840      3410.58   
89        2878      3458.04   
90        2918      3505.60   
91        2958      3553.26   
92        3000      3601.01   
93        3040      3648.85   
94        3082      3696.79   
95        3124      3744.82   
96        3168      3792.94   
97        3204      3841.15   
98        3242      3889.45   
99        3280      3937.84   
100       3320      3986.31   
101       3358      4034.88   
102       3398      4083.52   
103       3438      4132.26   
104       3480      4181.07   
105       3518      4229.97   
106       3558      4278.96   
107       3598      4328.02   
108       3640      4377.17   
109       3680      4426.39   
110       3722      4475.70   
111       3764      4525.08   
112       3808      4574.54   
113       3846      4624.08   
114       3886      4673.70   
115       3926      4723.39   
116       3968      4773.15   
117       4008      4823.00   
118       4050      4872.91   
119       4092      4922.90   
120       4136      4972.96   
121       4176      5023.09   
122       4218      5073.30   
123       4260      5123.58   
124       4304      5173.92   
125       4346      5224.34   
126       4390      5274.82   
127       4434      5325.38   
128       4480      5376.00   
129       4518      5426.69   
130       4558      5477.45   
131       4598      5528.27   
132       4640      5579.16   
133       4680      5630.12   
134       4722      5681.14   
135       4764      5732.22   
136       4808      5783.37   
137       4848      5834.58   
138       4890      5885.86   
139       4932      5937.20   
140       4976      5988.60   
141       5018      6040.06   
142       5062      6091.58   
143       5106      6143.17   
144       5152      6194.82   
145       5192      6246.52   
146       5234      6298.29   
147       5276      6350.11   
148       5320      6401.99   
149       5362      6453.94   
150       5406      6505.94   
151       5450      6557.99   
152       5496      6610.11   
153       5538      6662.28   
154       5582      6714.51   
155       5626      6766.80   
156       5672      6819.14   
157       5716      6871.53   
158       5762      6923.98   
159       5808      6976.49   
160       5856      7029.05   
161       5896      7081.67   
162       5938      7134.33   
163       5980      7187.06   
164       6024      7239.83   
165       6066      7292.66   
166       6110      7345.54   
167       6154      7398.47   
168       6200      7451.46   
169       6242      7504.49   
170       6286      7557.58   
171       6330      7610.72   
172       6376      7663.91   
173       6420      7717.14   
174       6466      7770.43   
175       6512      7823.77   
176       6560      7877.16   
177       6602      7930.60   
178       6646      7984.08   
179       6690      8037.62   
180       6736      8091.20   
181       6780      8144.83   
182       6826      8198.51   
183       6872      8252.24   
184       6920      8306.01   
185       6964      8359.83   
186       7010      8413.70   
187       7056      8467.62   
188       7104      8521.58   
189       7150      8575.58   
190       7198      8629.64   
191       7246      8683.73   
192       7296      8737.88   
193       7336      8792.07   
194       7378      8846.30   
195       7420      8900.58   
196       7464      8954.90   
197       7506      9009.27   
198       7550      9063.68   
199       7594      9118.13   
200       7640      9172.63   
201       7682      9227.17   
202       7726      9281.75   
203       7770      9336.38   
204       7816      9391.05   
205       7860      9445.76   
206       7906      9500.51   
207       7952      9555.31   
208       8000      9610.15   
209       8042      9665.03   
210       8086      9719.95   
211       8130      9774.91   
212       8176      9829.91   
213       8220      9884.96   
214       8266      9940.04   
215       8312      9995.17   
216       8360      10050.33  
217       8404      10105.54  
218       8450      10160.79  
219       8496      10216.07  
220       8544      10271.39  
221       8590      10326.76  
222       8638      10382.16  
223       8686      10437.60  
224       8736      10493.09  
225       8778      10548.60  
226       8822      10604.16  
227       8866      10659.76  
228       8912      10715.39  
229       8956      10771.07  
230       9002      10826.78  
231       9048      10882.52  
232       9096      10938.31  
233       9140      10994.13  
234       9186      11049.99  
235       9232      11105.89  
236       9280      11161.82  
237       9326      11217.79  
238       9374      11273.80  
239       9422      11329.84  
240       9472      11385.92  
241       9516      11442.04  
242       9562      11498.19  
243       9608      11554.38  
244       9656      11610.60  
245       9702      11666.86  
246       9750      11723.15  
247       9798      11779.48  
248       9848      11835.84  
249       9894      11892.24  
250       9942      11948.68  
251       9990      12005.14  
252       10040     12061.65  
253       10088     12118.18  
254       10138     12174.76  
255       10188     12231.36  
256       10240     12288.00  
257       10282     12344.67  
258       10326     12401.38  
259       10370     12458.12  
260       10416     12514.89  
261       10460     12571.70  
262       10506     12628.54  
263       10552     12685.41  
264       10600     12742.32  
265       10644     12799.26  
266       10690     12856.23  
267       10736     12913.23  
268       10784     12970.27  
269       10830     13027.34  
270       10878     13084.44  
271       10926     13141.57  
272       10976     13198.74  
273       11020     13255.94  
274       11066     13313.16  
275       11112     13370.42  
276       11160     13427.72  
277       11206     13485.04  
278       11254     13542.39  
279       11302     13599.78  
280       11352     13657.20  
281       11398     13714.64  
282       11446     13772.12  
283       11494     13829.63  
284       11544     13887.17  
285       11592     13944.74  
286       11642     14002.34  
287       11692     14059.97  
288       11744     14117.63  
289       11788     14175.32  
290       11834     14233.04  
291       11880     14290.79  
292       11928     14348.57  
293       11974     14406.38  
294       12022     14464.22  
295       12070     14522.09  
296       12120     14579.99  
297       12166     14637.92  
298       12214     14695.87  
299       12262     14753.86  
300       12312     14811.87  
301       12360     14869.92  
302       12410     14927.99  
303       12460     14986.09  
304       12512     15044.22  
305       12558     15102.38  
306       12606     15160.56  
307       12654     15218.78  
308       12704     15277.02  
309       12752     15335.29  
310       12802     15393.59  
311       12852     15451.92  
312       12904     15510.27  
313       12952     15568.66  
314       13002     15627.07  
315       13052     15685.50  
316       13104     15743.97  
317       13154     15802.46  
318       13206     15860.98  
319       13258     15919.53  
320       13312     15978.10  
321       13356     16036.70  
322       13402     16095.33  
323       13448     16153.99  
324       13496     16212.67  
325       13542     16271.38  
326       13590     16330.11  
327       13638     16388.87  
328       13688     16447.66  
329       13734     16506.48  
330       13782     16565.32  
331       13830     16624.19  
332       13880     16683.08  
333       13928     16742.00  
334       13978     16800.94  
335       14028     16859.91  
336       14080     16918.91  
337       14126     16977.93  
338       14174     17036.98  
339       14222     17096.06  
340       14272     17155.16  
341       14320     17214.28  
342       14370     17273.43  
343       14420     17332.61  
344       14472     17391.81  
345       14520     17451.04  
346       14570     17510.29  
347       14620     17569.56  
348       14672     17628.87  
349       14722     17688.19  
350       14774     17747.54  
351       14826     17806.92  
352       14880     17866.32  
353       14926     17925.74  
354       14974     17985.19  
355       15022     18044.67  
356       15072     18104.17  
357       15120     18163.69  
358       15170     18223.24  
359       15220     18282.81  
360       15272     18342.40  
361       15320     18402.02  
362       15370     18461.67  
363       15420     18521.33  
364       15472     18581.02  
365       15522     18640.74  
366       15574     18700.48  
367       15626     18760.24  
368       15680     18820.02  
369       15728     18879.83  
370       15778     18939.67  
371       15828     18999.52  
372       15880     19059.40  
373       15930     19119.31  
374       15982     19179.23  
375       16034     19239.18  
376       16088     19299.15  
377       16138     19359.15  
378       16190     19419.17  
379       16242     19479.21  
380       16296     19539.27  
381       16348     19599.36  
382       16402     19659.47  
383       16456     19719.60  
384       16512     19779.75  
385       16556     19839.93  
386       16602     19900.13  
387       16648     19960.35  
388       16696     20020.60  
389       16742     20080.86  
390       16790     20141.15  
391       16838     20201.46  
392       16888     20261.80  
393       16934     20322.15  
394       16982     20382.53  
395       17030     20442.93  
396       17080     20503.35  
397       17128     20563.79  
398       17178     20624.26  
399       17228     20684.75  
400       17280     20745.25  
401       17326     20805.78  
402       17374     20866.34  
403       17422     20926.91  
404       17472     20987.50  
405       17520     21048.12  
406       17570     21108.76  
407       17620     21169.42  
408       17672     21230.10  
409       17720     21290.80  
410       17770     21351.52  
411       17820     21412.26  
412       17872     21473.03  
413       17922     21533.81  
414       17974     21594.62  
415       18026     21655.45  
416       18080     21716.30  
417       18126     21777.17  
418       18174     21838.06  
419       18222     21898.97  
420       18272     21959.90  
421       18320     22020.85  
422       18370     22081.82  
423       18420     22142.82  
424       18472     22203.83  
425       18520     22264.86  
426       18570     22325.92  
427       18620     22386.99  
428       18672     22448.09  
429       18722     22509.20  
430       18774     22570.34  
431       18826     22631.49  
432       18880     22692.67  
433       18928     22753.86  
434       18978     22815.08  
435       19028     22876.31  
436       19080     22937.57  
437       19130     22998.85  
438       19182     23060.14  
439       19234     23121.46  
440       19288     23182.79  
441       19338     23244.14  
442       19390     23305.52  
443       19442     23366.91  
444       19496     23428.32  
445       19548     23489.76  
446       19602     23551.21  
447       19656     23612.68  
448       19712     23674.17  
449       19758     23735.68  
450       19806     23797.21  
451       19854     23858.76  
452       19904     23920.33  
453       19952     23981.91  
454       20002     24043.52  
455       20052     24105.14  
456       20104     24166.79  
457       20152     24228.45  
458       20202     24290.13  
459       20252     24351.83  
460       20304     24413.55  
461       20354     24475.29  
462       20406     24537.05  
463       20458     24598.82  
464       20512     24660.62  
465       20560     24722.43  
466       20610     24784.26  
467       20660     24846.12  
468       20712     24907.98  
469       20762     24969.87  
470       20814     25031.78  
471       20866     25093.70  
472       20920     25155.65  
473       20970     25217.61  
474       21022     25279.59  
475       21074     25341.58  
476       21128     25403.60  
477       21180     25465.63  
478       21234     25527.69  
479       21288     25589.76  
480       21344     25651.84  
481       21392     25713.95  
482       21442     25776.08  
483       21492     25838.22  
484       21544     25900.38  
485       21594     25962.56  
486       21646     26024.75  
487       21698     26086.97  
488       21752     26149.20  
489       21802     26211.45  
490       21854     26273.72  
491       21906     26336.00  
492       21960     26398.30  
493       22012     26460.62  
494       22066     26522.96  
495       22120     26585.32  
496       22176     26647.69  
497       22226     26710.08  
498       22278     26772.49  
499       22330     26834.91  
500       22384     26897.35  
501       22436     26959.81  
502       22490     27022.29  
503       22544     27084.78  
504       22600     27147.29  
505       22652     27209.82  
506       22706     27272.37  
507       22760     27334.93  
508       22816     27397.51  
509       22870     27460.11  
510       22926     27522.72  
511       22982     27585.35  
512       23040     27648.00  
